x <- 5
x
y <- 5
y
